1	1 2
2	1 3 4 5 6 7 17
3	1 2 4 5 6
4	1 2 3
5	1 2 6 7 8 9 10 11 12 13 14 15 16 17
6	1 2 3 4 5 6 7 17
7	1 2 5
8	1 2 4 5 9 10 11 16 17
9	1 2 4 5 8 10 17
10	1 2 5 9 11 16
11	1 2 5 10 17
12	1 2 4 5 14 15
13	1 2 4 5 14 15
14	1 2 4 5 12 13 15
15	1 2 4 5 12 13 14
16	1 2 4 5 8 11 17
17	1 2 5
18	19 20
21	20 34 35 40
22	20 28 32 34
23	19 20 22 33 34
24	1 4 19 22 28 33 34
25	1 4 20 34 35
26	1 4 20 27 32 34 41 42 43 45 46 47 48 49 50
27	1 4 20 26 34 41 42 48 50
28	32 33 34 42
29	26 27 34 35 43
30	32 33 37 38 41 42 43
31	37
32	33
33	41 42
35	42
40	1 4
41	43
42	41
43	26 45 46
45	26 46
46	26 45 47
47	26 46
48	27
49	26 50
50	26 49
