1	1 2 3 4 5 6 7 8 9 10 11 12 13 14 15 16 17 24 25 26 27 40
2	1 3 4 5 6 7 8 9 10 11 12 13 14 15 16 17
3	2 4 6
4	2 3 6 8 9 12 13 14 15 16 24 25 26 27 40
5	2 3 6 7 8 9 10 11 12 13 14 15 16 17
6	2 3 5 6
7	2 5 6
8	5 9 16
9	5 8 10
10	5 8 9 11
11	5 8 10 16
12	5 14 15
13	5 14 15
14	5 12 13 15
15	5 12 13 14
16	5 8 10
17	2 5 6 8 9 11 16
19	18 23 24
20	18 21 22 23 25 26 27
22	23 24
26	27 29 43 45 46 47 49 50
27	26 29 48
28	22 24
32	22 26 28 30
33	23 24 28 30 32
34	21 22 23 24 25 26 27 28 29
35	21 25 29
37	30 31
38	30
40	21
41	26 27 30 33 42
42	26 27 28 30 33 35
43	26 29 30 41
45	26 43 46
46	26 43 45 47
47	26 46
48	26 27
49	26 50
50	26 27 49
